-858344.5913463102
-306786.91146472166
-230206.31693597528
-46504.75804352962
-530585.3420376261
719641.5671573366
-390194.19948314276
315812.3087122778
967068.5443175846
-52959.3869242811
abcdefg
-216590.32512382537
463535.5822021492
652749.0944772358
953942.7284816953
813746.7053254036
45863.458089175954
599104.3243768907
-423769.428674594
-203025.7060225316
-949665.0469986049
-544507.7768332097
-591917.6975198333
-371817.48398286675
-164585.82495329675
788737.713203046
-760098.27982615
219410.1085344918
380163.92822094576
-919679.1860860828
-514794.59388277103
248102.63408749283
-940678.7316721661
-455802.4250657673
-820424.0974877597
652461.8292442906
905605.680345841
abcdefg
760466.1046991206
718549.355809814
-20348.699667957964
468536.3836852098
-729736.6213952819
598273.6066695375
328662.1498908067
-436157.38194200804
-292147.35096047656
-646095.8837822506
303693.275605325
690639.8297371924
-48147.10287416681
596134.7639380451
-738806.0458239447
451786.391478198
704693.054184878
917282.0077025299
222396.94246975755
-699581.2994766297
107974.48959708802
-712272.1665326264
-822628.1748278707
408548.990401476
-285233.2123283874
523703.58631148323
-628555.3322439604
-351888.46751813695
546943.4322766227
375848.18997141643
-33334.501359733586
abcdefg
424199.44973850437
315639.25557031465
-103249.78793378548
-535267.2496691982
-658577.2228160953
619557.9919896752
-53031.62103411717
306030.15149827505
622859.2295122481
abcdefg
743444.0466182566
-697396.8369766895
430884.3930566736
627178.433914041
-231397.7660637092
-192654.34695956777
-593433.3769860065
846389.4454995457
-735820.4199120419
991235.9980891608
394433.9040184811
740400.034390468
934318.7830846672
-725300.4844310243
197899.74428087779
69261.4219621268
276122.4231402658
126693.48581987659
-650911.7896957308
-327297.42017758655
986097.245993405
-608398.6169079482
221574.01678461058
-595780.789799769
-642618.3927150244
-268495.25673007726
703252.1248874564
-164772.28382646613
-638816.4280551077
837332.4393991829
abcdefg
-814480.585710157
-482275.0587262427
-570110.146714159
-958434.3756503495
-237321.6266941877
752462.475536055
-37203.48168881386
abcdefg
-641394.5848566513
-618224.0600822262
183557.41257170908
24047.49440470707
-104468.22179487553
-119396.81923253246
-916146.9208427197
abcdefg
744574.9490489067
937131.3534997972
834949.3794055436
169701.51944546952
abcdefg
116762.80933249906
548070.5838351285
-754690.7841669488
-659541.0715618555
-165052.51939211748
-305621.93246750423
abcdefg
-989752.9725218349
-120437.54956660618
449624.4213153826
-983408.4960050958
abcdefg
-590365.6022184131
408672.839160076
230954.01131149108
-67118.94028734627
364105.42353531026
-666280.3515268875
751543.1616035763
802179.9987360265
-42392.980893132284
-300780.7896386398
628513.9130717869
-710545.4070758126
177059.57310205238
332343.50126735884
769089.0963608613
-247143.22604719424
684276.4291704693
219123.9918993648
584366.1138616072
933465.0678152653
784315.6123115988
-419743.14604489505
-941284.2036740263
-343375.9930413069
-428733.41375579895
-983256.4192251991
-846025.2677783311
502123.9163378324
102644.01634887242
640454.7496592441
-729410.2607566322
-292053.1867247071
-35255.08889448015
851784.3960519021
334760.8576209929
-549289.0585216141
216094.24466857454
717387.2406385846
-57308.14278986593
-595280.6169858157
197365.69165160684
573675.7103450543
-151627.282706646
975373.4198836877
-464631.3217443051
488584.01597966877
509701.7259237858
-173680.94094526308
178525.27428144767
724061.5950120229
717106.3570790594
-39316.55901649653
329454.6208318101
-559580.5107871158
-818430.4700097814
593653.1440107827
-805267.0747576021
664365.5570121739
-665448.2068004914
791560.7158977658
-548604.0071399068
468764.37641372235
882669.8843282284
-681665.0702517132
-876173.671290263
716601.472006638
-364800.55040731764
251489.78411448406
146449.41444053143
580576.6280492962
819247.4144453148
52905.15577995922
-295273.0273751108
391691.5051672236
184230.8586708333
481636.156405738
-310646.846787252
171404.0882932549
-789141.6248262001
-331647.4993131498
-488456.97634277976
761640.1112615818
-878726.9895026016
-961039.3270914379
-300169.0888013398
-422999.054713658
596259.3800626923
-90678.7075402227
-911517.5954913845
315417.77975383424
713276.0184744665
-910071.8274514693
-817989.7130521914
288281.36810485186
-304583.6452115191
787112.4847409647
708385.7944422545
888382.4046975134
-197103.88978329056
-469086.91487516835
532028.2946509381
444351.69104882237
369787.0857496575
-221959.41999248264
828170.8666358879
-505104.5718197728
-549183.4301283798
883231.9204824786
677935.7055174148
797574.2620877143
31406.520587641182
300768.92570138717
-159600.89566343414
-225413.92650709077
-266100.3048166225
-95774.45170789193
-927329.9505933361
-255564.0700345304
-961664.8266910043
-122716.049826901
-491443.1982955552
abcdefg
413360.0703218964
-402268.5788773238
-955062.0749238884
-730920.2658834779
-417050.1095208415
675450.4441704869
357518.39706945
460139.61286628386
511247.7395127638
-67932.8885333548
389113.0219242802
591564.4431113045
388719.0664804598
-663072.1059775857
-74879.49882239648
-477169.34249012667
136319.23648060372
-60552.92078039172
76712.28548913238
22504.947369059737
497850.7458205061
-244560.50386387773
-533767.3179015046
255262.6946258151
-609623.4858190175
301277.48516377824
-850276.101339333
-13889.249498165742
-632018.3740584599
-710012.9296404512
-547931.0980863187
-623639.451538613
392755.58860398835
85637.71589236955
