708076.9849622659
836257.3695685556
751085.0857362241
891619.0755783544
587535.4649486728
-254914.8767131986
29992.88512404589
-274060.7565297985
-403652.548888488
-610182.1599326823
-279105.15907180426
396852.1691845409
-302548.0108580967
-60434.565790796056
-307718.37734892016
614748.5062641433
295854.0246794658
-374176.37936981354
336452.74480060174
-84490.6792492811
-813258.0105993641
564379.7676194562
916971.2338143595
681451.5963930474
-678232.3489291372
-187476.54611680208
810391.240307009
-926153.5780891873
969802.8384824151
-754493.3366519385
879527.1606285924
-222120.37780725033
-847487.5803259967
-402009.65032336133
-148755.85968324085
16131.102922807891
249517.05559770303
139540.4390054763
2649.4830061696034
-770250.3780447416
426228.227020122
-627679.3925908005
30686.518176978865
-882073.1636654933
541025.4543683799
547752.3179806335
-280202.23166894796
-1905445.1886612335
-60547.99049610934
-198932.83994019756
-653397.5134103579
608505.7942870236
-363707.37279867515
-2731.832502825683
-876594.4018323201
-559197.3268400514
926014.3356649573
-107450.94414282076
-881064.0261973279
-50473.555955742406
581107.1394998811
-266642.53067737515
564635.0245079016
268244.95399687765
725665.0804155112
-615812.7469190457
-751921.7406750211
664687.9876746639
-916904.8619696918
-890552.4002224021
-738400.0545261696
527843.1325635072
113592.5790627174
16971.358499463906
89679.20505680253
735513.162456356
-832028.030964907
861754.8932462115
372213.2373619826
-1647293.6386279673
-727728.3046918989
254379.83288895787
215330.15740530883
-23122.83298347203
-571501.5118823565
187918.6063634204
-546817.0046815161
-760073.9959024144
-265415.8675834329
367629.6529871819
5467.855776843863
111185.97067064665
439632.0524500936
7910.780671642301
413845.5002773581
890914.9730249521
-285350.9460802256
978422.6053682568
-793181.1445860113
-981423.6150194706
612118.3999954334
69139.61434156839
719677.2788597249
232167.65751277225
1669507.4063123043
281738.81828930683
857644.774190235
592374.2552259539
-43682.27761265155
661251.9107813766
259775.8546878734
-31799.975032508104
928623.8181086913
257026.59290758087
498477.21299361653
489708.36209767
-279808.37128990813
-346038.48807314754
-884596.5671923403
-745376.2151511885
-784850.9423454007
64280.457737824865
-940975.9020146258
725452.3377550256
231200.89105388118
-1073380.8569294722
-928173.5523306791
354356.07379456965
715154.0088183241
839826.9877343667
-568320.8476791087
-613449.5599668354
219531.8590032754
523095.32545889734
180457.03431943912
3050.9532015911127
389065.0759564659
356683.86192142154
-226827.99533253387
1098407.1917371973
853089.9695998701
762511.0967813814
-774511.1280044093
356597.80527293927
184374.14326442964
264312.96998831275
600363.4737594659
765873.299695128
540919.2653067488
-559623.0103318294
609668.3524223206
-332282.7665530349
-214358.54541635799
872636.5194213934
900003.0331834153
-1770494.2491152808
704032.8015791926
941668.5980125053
181714.61287119225
106556.15467680893
550140.4785155834
695142.6994582799
-365029.0360672857
-209879.2477580253
-992312.5583874278
-838975.0754185001
941219.5085045475
-550090.7309826199
-571768.5607824486
215924.88405007464
-321361.03925418993
-721431.9773665168
-65673.74328601282
903908.9699109433
551100.917293188
-493225.36617783393
631613.84523971
595507.9293055882
793519.4914930637
329492.3332088963
-748088.5486825587
844785.990049391
664501.7145581538
-474129.2678895068
-463680.0517360703
-280301.78683317994
916207.4499669342
820114.464634338
613081.9561665537
-864574.047585727
94099.4585209821
-872042.6379544585
22415.332380826712
-730515.4213990672
641606.0790982082
170852.3613598787
-309261.12819926534
44240.52908043496
-493916.0472747634
-577931.3810283111
684622.158104827
731395.0597912221
-488481.3725017084
812866.2074474373
184501.44277262906
-760578.2208930072
924743.9728176516
604895.120609186
-998064.475696511
-2609.83462503861
329194.5625252926
-752725.9273133151
-17368.308195542904
-478372.7453774064
924264.3396533406
-1290684.6068027648
-410352.41091575695
-70640.77466255357
460706.9123798722
-831222.5339709878
-914369.1571534447
-506725.136363139
952960.4979289582
994657.6817059304
661708.7556295895
-619018.429710201
-455676.9968595571
646558.5242241247
-681638.3689581865
-559404.9043022867
336921.69784482615
441533.8428438568
775215.1561333583
781243.6785243364
-539739.5846974342
-919243.2894497563
-229631.23520070518
209055.95013081766
-78622.6293960892
114269.27170323707
828116.196709602
91240.41093205447
-491064.7360082828
326049.0855230507
-819440.5844247864
-575105.9770590538
156783.2996956959
-348421.08386313985
937788.9520502477
-56183.31886086827
308286.8545234767
-80358.35089826713
-209322.38883886798
835228.2965924772
-186393.93231338018
-30327.89209497608
145967.2762884874
-566549.9055284704
-142899.7708165116
-786261.3791444779
10011.088704951942
400189.2301517655
-560001.7142203847
-51451.02088937187
-134808.95604319524
-608231.276122958
242210.70134402887
-343739.24007025245
807442.464872143
841930.5100438154
-441356.47791712283
921230.0457377355
-958413.2477301152
-991547.579994805
-898947.3971075168
932268.0294300282
-1861461.451555919
-914737.2842951876
232501.7262898249
190790.35406542182
1223370.1806737662
62021.08573465827
653613.253066429
-350212.4762682747
-439107.04846746864
-259319.74085833493
-385412.7442354015
-589836.0129028806
401931.47491111484
607732.1026962035
-245677.25916305845
-237320.46554245823
91079.36595509197
629663.3290423003
679271.5034350946
29100.177444556986
-211420.1563864366
428129.38680021727
-59704.45897028297
-957692.2956532671
