290152.02058082045
429975.3207011101
252569.51642101642
562355.496493313
732495.2352391356
674584.0688971259
396888.70624577865
334471.5521621385
449704.85340165655
14175.2068994858
70659.5499107274
747370.9700155918
297420.08932046307
243443.24078013506
347866.1369380858
518700.9551713867
279104.9304433753
671716.8601701868
192626.41405361402
62511.648622658126
970648.5416345875
624004.2407210027
170551.37834616352
187516.52531709627
18807.1406302425
218889.83601092256
492629.88890492206
992943.7419984256
19195.628050596984
64415.3605300294
274809.2882328806
584445.2827683277
48503.8297123326
552321.9194215699
118495.01774241103
49907.73778185863
650800.2120132515
276523.04631922016
795528.1900688783
58660.8551983233
159205.6857526568
253472.41351312897
955759.5537608395
477444.0557361052
471964.38635542255
80062.98022012804
366154.9762839323
532614.1974398023
795844.7184099047
828967.9458400895
437452.55371575785
290503.52570739767
20008.524412866667
351848.43175547436
697705.2813533145
576416.3208887284
289936.6091098412
737583.133759718
431602.2495767746
507678.4964029564
13704.261868356967
955728.686437571
920296.1267107537
577256.5592747837
151810.23940648735
204624.99523101235
588537.6773984077
691869.1043169269
217004.2789416785
379104.62115403387
894213.0739956928
742129.0385718902
141965.21187899544
374518.78989479487
979989.8211284319
162147.50902198395
60399.50789047705
651774.741364391
947555.5725598169
722156.5341290501
91066.93163540491
602372.9078154593
112037.88548374674
490105.69947296707
414435.96407528286
772910.3465255229
747489.298510615
496787.8455419781
288119.2274933984
935296.6256477595
643919.3504940559
143977.22969419116
159928.64592834556
321919.31839489314
262133.39554574076
806152.1711803259
706345.8416793052
84262.1828849447
394757.61636988184
393795.0406508078
449390.83700151683
178993.15311446978
20117.056416824067
869854.4183644662
586310.1702580183
437280.4905010569
470206.5626583891
840888.4576436306
804226.0460051704
531118.075262259
124837.0117385364
380485.2895457502
145802.98627762648
914690.9850598804
591073.3079918207
184984.46123481388
442200.2764525058
589327.0194985602
730444.3657931614
10133.468725606806
436033.2886114818
717324.0291986377
955930.9422380094
92197.32023219645
479730.36927179806
692973.33208341
936595.4644440426
918180.4496328747
613654.1732057146
268330.56608542055
219763.06951177932
277199.1623879827
903525.7515618309
726813.1128142417
308993.4293346629
998661.6883338429
148147.6900895644
899458.936209026
420660.35190039687
162837.67645919658
456106.6038853073
26672.75082570235
482754.3572223968
855462.2335529893
734104.8518887671
82563.04174846598
36618.4892193355
730488.4459682475
829728.3314294864
199480.91833861684
555635.6837017774
743646.8609168583
27939.2199465034
257105.3637382698
04449.3321020869
424429.33263983845
813258.1121989015
533457.2769655169
228144.02390198773
965193.4910588077
778548.1584748178
554466.5694308635
82844.907278248
223503.11101803154
286514.61699705565
24223.3998896644
97563.5266662843
457416.5295556653
971468.1687514659
969813.4692032273
391631.7982125293
243367.11577766392
206616.13710908376
492629.88059160754
162940.42813832095
562353.9988525023
256052.02044484264
782324.7764757397
09231.8693865609
482598.7000913795
80866.1391249455
320071.6090884811
448034.6169342857
215414.02482923077
175189.92735774175
274546.9225398353
960380.523265057
575942.6548078744
870705.409121008
977082.4702934659
699300.1807591975
41543.951307784824
367122.5301876356
51666.708399201205
376112.98567878705
667980.0432646549
321256.61111308105
770984.3403409971
365897.1646899707
97218.9588892626
958860.664561994
511479.74668661645
858061.9882912688
770502.034435751
361004.13806538266
888365.5915932977
118781.34625938836
246522.07317838402
820754.2440014908
265836.90870599856
629103.1642562794
216868.562577937
466135.0960812471
858187.1601759801
15902.511694674191
409600.035642096
701732.5647064305
564343.0284962889
502360.01828252187
76630.15684596477
534068.1353358417
11281.268360723674
70537.42668620916
171776.384906812
514757.92887440854
21105.063253994515
650621.0711459266
643701.9337645695
860707.3268158158
862028.541907099
429791.8213158767
491600.4609710566
292014.3561916649
195289.94792146943
808187.7261302518
361364.97600698256
265952.4250858927
588008.5989688003
620302.926058541
496120.61972182133
579367.0260750612
826294.9252340606
987186.8903813036
797371.3892022383
761988.0298829974
33375.40445356927
568171.1475183791
601651.5349556061
289625.29562447575
774295.6478261863
40382.376303720936
532451.4994509473
408901.74752799206
911768.7338511039
350155.330595093
448328.4274464682
284132.7413360377
966956.5364781439
652507.653238512
75482.54206481036
252136.11908669898
134533.5478688089
883160.4349716615
386720.859032112
202227.48757969568
903093.5859840945
592171.4670997151
168617.51363719214
486330.8492151228
440009.3544806488
9054.594970379789
504793.0214788169
308092.807144408
514058.83369078586
306337.4652635258
95648.80699226235
240072.10180895412
749707.7910506019
681830.0173285865
433488.9039651544
374536.65999699547
433634.5935921851
189435.6581239375
856883.2258026907
626080.3674015728
927124.5039475759
214169.95497306224
419222.77639585966
873226.7375142514
977218.7298225677
109124.52597141998
323822.23765334615
951378.3099915211
864986.9465546872
790413.0168179957
401559.89473753225
990917.1708837753
381081.31166317186
20736.080256960788
736908.6442972881
231957.71000226485
76713.17227816275
702986.3206977351
84365.16442205478
241191.9634825522
102466.3419486657
752436.0910405455
159649.0353320764
406480.3440000524
217860.19956693042
19305.256909795284
238701.30957029303
691258.7090712932
231336.61705515135
293135.40144499775
752360.6369875275
893554.4849278484
213353.9800331165
636191.0259413703
725761.7766313958
73334.3567790343
314527.7836962133
165169.00366139083
978856.5042092473
387102.2219202631
916264.6667052847
928837.0613927904
978114.6064545835
300128.97295741114
143098.2028627471
713795.2749752305
109322.05597047521
34354.80580917208
473927.84016438265
451340.1134297685
927539.5489037831
153990.60441707153
303656.08927562414
395531.43660102354
632678.6478654781
391014.95035271713
827172.25467231
395841.5069204225
617742.4446043537
169214.0880060194
544447.1633466725
397355.51377366536
441723.3019378021
798108.4451204429
18460.539337482103
767308.9166440802
990224.9683069014
977063.9565573907
256979.7467641622
168819.96500387925
904300.1528747035
75057.74103502824
234694.60933060435
480983.66627727787
581596.4314438098
633037.1512445398
623968.9269396806
699091.7663967182
183815.02935559323
673506.4166573798
760497.3124135091
839524.3264887999
120596.93126678953
695886.9296008737
234389.37789461965
620965.0138207374
422346.19243294816
686441.4403466316
267727.54344254953
96890.27531120961
263128.0068882064
77960.44001237686
216401.940471444
473861.84453959146
649660.3807012925
357117.79284385603
117018.42580353598
65975.26515294978
953563.1351295272
936356.4570598843
188953.8929859228
707867.606171753
531390.4084614973
982338.8877627474
597127.3611180658
977046.3756850826
150622.10647887597
124461.70300400899
582818.7461732621
260824.41812806646
319670.18270262005
354619.83218436484
277869.73908153264
44003.78520815266
906081.1364127593
973361.593327744
131867.8668845804
790509.382029653
619504.743547645
137749.36798174615
902414.6758278281
445486.2918872542
34626.90220701363
422702.05595844093
585343.1079246245
893944.5556419898
834157.7908427947
820306.2074346592
494741.30527198454
677883.4504056267
863093.3000758498
770484.1122611212
941929.5688618139
895849.022145009
402833.64507473994
141644.9323971218
608011.363542832
487249.7777765808
797411.2476859647
561368.198061639
756390.1130475026
38282.691626758315
193937.91076887565
134877.79723770026
889665.6960765393
837174.446018091
695506.0727535071
382983.53945139924
319554.8856963109
153498.95719282297
667200.9254749067
181405.96325432713
389006.7859222257
619635.4079792813
284459.27551800234
589796.949873547
762444.4574528189
152053.17121586704
667941.963658385
721507.3102571473
283053.7234028626
65858.76226454672
110195.35562408737
224062.82598947096
385311.062625271
908178.4225566054
966750.949967626
515528.44323960954
946458.1039240549
64225.974907717
757984.6841084595
653382.2907818395
762366.0043575659
374480.3559517706
907880.5625993665
600199.6664910581
541254.7368210594
842256.1519834079
332042.00752646854
694415.8433493156
422996.45669024484
7960.768531470753
779617.7486416243
334618.49755600106
552223.0998826126
719694.4286539559
432492.2064766444
242263.73288140408
160229.06441856924
839423.4258269789
769924.4584229931
180418.1514785455
943658.1832119887
889731.3253011167
118004.58182191805
675057.2217420756
267240.9440386566
768281.220472752
620625.2772088655
110663.82024506405
863315.851590361
435400.59898805775
592354.6493049398
553293.0453690968
252689.24745982763
914788.548908564
343422.4922415872
792000.2680820596
69319.0105637757
38167.769537644104
603214.2382079693
383429.143699234
835640.3247189726
111750.77515446093
611021.4381892433
934589.2090831829
505806.1085613619
85755.53473687425
791433.2480950017
465288.3898699579
270887.93130847067
867718.8812932185
686649.2707586763
454357.4803717959
703111.0508384388
136229.8061074777
479110.7094635382
92793.49602743669
305426.41123384645
383726.72588702297
5242.608394888143
342096.91021787823
928237.31168323
945376.7146744499
634722.5627598516
627561.8807844328
316881.3022242954
455568.8154365539
769587.6694707065
383945.5209754126
261426.50030620114
514410.3322620786
3600.6517620951972
214903.88758553728
434658.29340066604
343685.0854265182
174705.67352568544
127776.26509357091
24588.464062057097
865025.6224734492
642027.6297184799
161735.55656705302
694604.1614493821
942656.2227255603
123736.96923391212
740026.7246401911
237387.1703338678
498852.7998278238
343251.8860034685
245960.0850378739
527957.0932551748
832359.771753512
548638.6435701414
647508.122413928
26752.764465030043
748316.4613888185
693674.6991297837
476831.5227066359
135365.9904272174
42802.78051269734
698953.1187457712
108709.83585362718
165602.99955349747
475955.8340819827
747521.097219435
75841.29952862042
546762.8515590564
614672.7810502707
11936.790218606333
109145.32887646511
166562.73432850913
829216.1584967427
558251.2435301614
697651.8185620155
417872.06526367675
287642.3828000222
427328.4068744214
225265.82777531922
606452.2470782627
7762.089624175928
55008.39519564819
160621.93603580873
864125.993757471
898436.9000303723
260048.3203784059
351468.37237353384
607335.3755844329
250322.40435781243
2377.5367092961583
206432.36649241514
882785.8000552208
320727.63538495195
994088.2609026609
434735.2548318725
649898.9023951646
498123.7761881611
31741.377870793895
58370.11914069486
164032.031848579
28849.628983896033
610899.6462070618
611433.791041494
144954.77734874428
441919.07164236397
982507.4145827175
797778.5405353272
341814.96064519585
617403.3452491821
315534.48442220455
390808.6762276853
438835.9551186915
909656.4810536883
41498.99634749779
828223.7112790883
985249.7264938466
858755.4504601061
773844.0869393969
779694.8092820016
178479.7832304362
801820.654278883
418769.8149185993
946889.9216870583
881327.1966542256
130470.3179264362
224004.71054940124
492990.3597992652
211963.64300299314
31467.49748607099
548158.0269884844
792754.0776057321
409725.4403368997
294707.45767717646
75645.30134304568
644406.9035440913
450290.98829344835
175992.14516916728
50824.33514872925
691055.6131261963
60508.622752463736
361622.7914858595
859876.2649889138
562045.3995117905
366197.82803563017
797663.5689849972
950076.2110141714
163602.49235211045
395488.9664643052
518788.2987671171
643487.9731540928
623313.2821543032
55763.826441475125
639947.7705139421
875763.49452798
624436.75694089
4036.4350841565824
358676.53612175415
270596.11030854477
253725.85997971482
38611.03786576711
156654.19916564316
246503.97138322238
30403.11298354909
254108.69708636453
386232.3466374256
45030.405954875
484113.60783167434
222471.15136823486
80942.29681555314
668043.3124008802
506130.7300082196
889298.6812420918
138569.38174291255
716735.2596666085
710777.3793330581
707899.9184357222
991214.1390306844
36025.09519746143
212988.5511463067
772666.2077552491
498815.4081851336
885471.2667238849
553111.4703381673
358923.75891918706
80928.28389798908
81436.30769490622
981513.3476624794
328139.1995046738
36147.4409705822
185089.4654653516
953231.9779214931
315393.20293549576
589350.7378975361
347035.66556452814
476873.3541403237
480269.94338480686
454033.4654126777
861667.2984324236
912145.101813962
872835.2987106865
600307.5976799092
833023.844323167
916866.7614166965
143126.51790798208
478731.86444405426
608794.139038579
506976.01244004763
405578.10686180205
165931.33760617473
800249.0632929167
612019.6510487176
559091.6476329302
770058.060204188
773264.1068076249
83799.87205047869
258924.36557892675
962458.19679022
469223.09152871114
847282.5730891102
38367.05669077478
686468.0978199817
294486.50056188897
770600.6488166754
786170.3586092509
935105.3068649932
603233.2925504884
874883.9180089853
899942.7599752772
986476.7557070411
990869.9608456662
704895.1158551407
956238.9504840267
639041.9852217535
213832.1960279102
37852.46416913279
664840.1862664502
798452.9094976615
56485.302723479916
620539.2272019535
207709.34324195937
233507.58081277378
876977.2571461977
293747.02735012287
802377.5412404084
440812.0029554906
881257.6972936428
688266.5168366738
475026.80302327464
336094.013333228
398119.0094908797
658133.0415882692
580270.6779748304
924645.6965208522
558010.4567923457
754477.3394355522
562681.3139305572
194230.55759691398
814494.4650833155
337320.25195884146
819326.1817374238
220820.35232019285
689595.6090793381
372814.0617004875
293119.4365212945
880894.7597904557
972936.0874255613
569903.2732362505
603524.8911517337
623560.7251181642
359433.29205162934
273051.7092079527
104184.40364554923
471593.3660574545
171451.65393357343
446640.44920367736
246263.56333928276
792577.0254963737
378712.40790736454
161840.4019531285
21862.044729368932
409625.6426466617
602868.2881022813
228189.11007983482
63546.5913967107
305738.5302108163
173551.89644312035
999822.7250943518
184111.71941721736
516682.8033514311
588829.8146805122
930239.4832099788
754903.197873527
804340.7131087193
925391.141000906
149668.81591910915
341565.80778219836
355796.83487924613
842406.6875854091
195578.69802682017
442816.23693793325
63001.33896584205
827903.8372574231
39539.94019642426
10877.51997366029
903676.4946715665
247623.12148260593
722599.6776813217
671431.6257537839
566194.7179537618
573699.4055270266
236541.682474833
206497.33328101147
739467.0259438765
894162.9159917375
769816.7167881398
915349.9707009802
423487.66821780783
434111.14184902527
74671.06074366301
926665.0885155685
206951.73780643256
355557.3195101747
505885.37296148797
399263.0803255509
705474.5026727448
545341.2191446553
231800.31667655305
819392.5015352564
257239.74110451038
449106.86946054624
224681.45749663422
279223.27418967825
532470.7671222263
264247.64349588973
900230.9758083081
704215.8974851852
928966.4505857811
965849.9888997806
694960.8116657967
486332.67205734656
497976.5234573969
707050.3372475994
445345.6002272078
875510.2075123045
673036.4726704333
108837.9625595593
164135.87831244033
783624.0141467669
258954.48699696868
834247.453173631
696882.3057821459
363137.51317544107
978936.0415856873
627998.2816835593
785687.9646403893
836919.6000277996
374944.2893724319
695009.2263302336
267381.8099246807
576208.8198698069
9662.383910371309
889888.6818968542
489770.443488498
350448.3596426657
728051.7877793233
694342.005090263
542313.9025600199
5753.702926397926
202276.24960854356
370593.50503374054
566503.5662816988
568001.1514787393
105839.93122815038
996299.4691470726
236438.24094893658
912058.2684754281
41138.82487361816
310062.6801686635
481520.9851261117
690412.0472406282
779148.8057813705
426523.01951948274
660909.0025955281
172480.22255728094
460833.7425102577
516174.177482106
693278.2093930404
10135.713763078675
156893.89176174326
487386.8557973109
95676.05793287554
715486.0427241371
585830.4804928252
556792.0820062516
491667.3036871908
813707.5761945826
849842.5431598572
349043.158603696
911690.1826519688
216734.97029842803
763903.0573309584
828106.9910592211
127459.87291858214
352879.27633577085
725438.1700721369
929630.7724929295
337472.9259709158
982946.7736394347
100347.27098921922
237542.4643690001
752115.865702277
435182.52820616483
785665.939870632
427945.6590601641
14546.98332661959
199375.76135424318
950016.076255711
489499.2017051633
937491.0472789031
434736.3027670704
950020.6128578077
921835.4997689653
736291.9886204657
966631.5330572377
74223.8845594819
212235.00403313013
794963.0018169085
774052.1003362177
75591.88026165249
895624.38963626
14739.528985166811
802671.3050534587
419517.75447186286
414139.88089658826
963519.6800137328
177634.91398511347
796297.7897104309
809821.6742670292
369830.44702736865
535701.9997154778
725389.0623650588
7709.314527778732
986337.5596612834
248147.62836516596
13316.343732212988
76418.22819420892
485693.6366557122
763806.0708510333
417919.5477690074
389477.5955452912
845376.5253113777
165937.42663965435
118712.01951952382
53036.51094952548
628446.4711430905
307058.1934148951
496412.5158031288
314211.39056212734
673527.8335410655
562686.2339009808
284328.4900307427
919227.714533476
970068.8617283446
327910.16320245765
370040.0473321395
551625.1875314459
-913844.2542407444
-869982.3368054386
397946.8468226061
548189.5316134832
-712874.9653853677
45639.19529471672
-851527.730190321
63918.301504469375
445385.90424804954
693583.6705520658
478757.0823337277
-737179.9185346158
159111.1667246064
220625.17469657378
-764920.3142774301
-692397.6089796828
445205.3562998515
14159.465091831307
-654169.699068646
-409928.9048236274
120217.44287340323
-834251.1381566039
-874446.1325074577
591486.962550038
6017.419604578736
265289.12993512535
29999.666149447625
654304.6734476433
310281.6013782558
640201.0182585096
91526.39157889893
-898380.1104893317
-779067.250324527
589505.7110046904
36049.0385304643
708536.0239244278
618213.7839088149
512933.5405309956
166944.36907424
376643.6549407723
161748.72552323705
-823153.2914513927
79131.1009039818
259257.1139087478
403177.38226872997
769123.7376111266
325224.5455399985
22029.380799478942
799476.5741433979
10850.924011056095
585552.6206246921
664663.1435057764
207803.14773457186
887844.731977964
548233.8578780807
868793.6685772821
421379.37819570716
500334.3467989869
765097.9367589088
-966062.4747935034
533723.1178762197
305272.2819054366
465049.68465609744
484800.11391392106
279306.5941861862
-918473.3242515008
678536.3958921483
-801094.0155293032
573952.7536385368
209693.57742702964
55119.4210305877
-893673.6340781673
-709712.0067969039
579223.3278582138
440692.08450668876
581901.164996128
46649.403387153
512607.25860953226
621744.4782195815
-912314.4829574936
587928.674629129
124308.09955988049
641102.3097697245
551541.524303733
524781.8302361409
421687.53116982663
742925.3408896591
142025.97723153536
694365.7212308835
447412.2006969487
314300.3605000334
-581912.191452119
-906247.5907235838
291395.8293802411
156585.72682158608
101551.92228312655
262170.06020860496
202664.53722959897
41745.880133004684
826471.4701323458
-918955.4489988136
677025.6322642183
787218.2876931785
240307.09269616514
225869.61707254028
448185.53116959654
17444.294856665347
591040.8133834974
-805415.9581252799
767959.1818623445
370987.2537825903
-820070.1441354936
-940542.5695604215
225495.36188956726
159279.68753153947
35964.23260030668
581368.3918512268
625913.1127130424
386297.81986978545
03431.7593040395
391037.0192659808
125547.70802008409
598093.7401923337
572909.5616885747
512972.90594425454
-903960.5020980305
246891.33160142266
37270.1208390216
160765.6767330427
142183.51871979845
126544.58359027
69597.79115014747
707102.1265314874
72109.812943989
64474.7260589545
669543.9318861609
679624.80811754
363777.8716887481
439768.9373441207
225723.42894974427
