226758.09558156956
265786.00126156776
646352.9750559971
568685.8128039829
904688.6839074978
730888.2802037123
823899.9856896336
478758.72123610537
435560.4055192848
62818.76950944701
673415.7443629107
945992.2768340549
723992.941348664
877588.6115371869
679515.8264821413
81918.81059544475
33084.13699643463
264108.2045753884
857812.8792363432
15529.84954121105
219660.02550220792
987405.0547582973
487885.3206207563  893538.8170185162
727655.5383533717
1739.6461282858122
286001.6596106881
278404.1180896886
15386.935823496431
761854.3024974088
318388.86033970024
57392.34795227958
342500.8324857684
70685.5449689066
205819.09239724354
225983.1315849449
92397.32663995549
451770.06859434285
420297.48462625616
158876.3035735373
55881.72125708753
284673.57299487334
724635.970404745
231889.86099478827
351849.49500341865
191684.9437625926
55690.34924243956
908032.9802682686
910773.0399385485
414082.46731643943
402039.0707202332
651033.5316656063
696775.9444700382
166242.42620554756
476899.2836471949
279594.24746573524
94071.77110423804
205869.8477529998
237040.37252949018
625671.6637094817
133555.16636865283
108641.23068115144
548491.8826651035
610051.8135401054
485324.0148388158
985530.0068987361
549824.5336069806
98500.10419557616
392910.36952537677
631108.6235071055
513777.78936364205
151773.29684621617
975002.5270164113  341089.59906326456
258025.23723389852
532775.6032997933
570448.1145525706
887409.0062122138
405851.51267695206
584133.6540434877
52302.22879326337
389121.1676711019
47528.90209374321
839474.397159855
286720.00090205995  67379.6592385893
603164.4213370131
981691.4284551218  162466.15006123343
122803.69074530496
937814.3072994396  11475.379392095634
866817.3329884656
223496.61508083277
29630.242749035773
739387.16200055
333654.3590162076
342001.9946522208
741825.4462876712
964773.3240171092
39503.660263027305
929479.7808829492
499255.7828776955
954774.7612734837
573332.4299953978
665385.1412269709
920365.3405481956
86737.59273909032
655864.504973587
270923.11596650636
705313.1808798797
767288.9824897749
534196.808022652
124572.53414858363
331034.1865283979
991377.9532386125
927506.8148636012
667951.1035199694
354033.26553910604
154537.8556797315
949628.6818203726
840308.3116199324
371687.31336136285
981668.8520168085
684273.6333596078
29921.23251583837
942833.5805567693
685628.3767617067
338683.9323431986
280678.26458242146
18434.563176062653
718881.8578575726
151497.58410459766
742139.8482946942
683083.4073370362
731528.885540657
480605.41096454056
601340.9965320367
258161.46732991814
598962.544940019
746783.4090672326
984626.938871315
67389.53113430006
632452.8755005824
158878.26338258674
567807.6833758769
415589.8303223281
335935.4422609383
396327.4849095772
882897.3793145795
581419.9748919908
322281.5193242276
674804.7917952102
559740.089791196
874863.1245317187
252338.52701553312
870756.3482272379
990780.9926402702
60262.43174050571
910013.477195203
630621.1988817382
157287.2452295108
695668.2628312687
776690.7842881532
640511.0202342605
605274.1134811017
189301.79929681282
718251.5698388302
482135.8551524755
809448.1082025866
623883.2118304479
647992.3107013084
750749.6532445069
413418.0427753816
649642.2338094191
278711.659839675
360905.6120176993
84474.27764329135
996760.9829952299
327250.42477009684
215791.78288288918
971212.9158260187
408053.39551188855
784769.3976978045
665940.4147072148
2289.3945254025234
42644.494196411426
116042.30631376487
433084.85738964315
514563.5507850395
651446.3479320427
501040.19106287893
924941.1546242832
948954.6352617216
75204.6899274363
482106.7915841435
116711.56636936122
602248.5465958451
865887.335485638
629981.0238058214
425066.74704437796
673160.1039771882
82223.68096178751
91969.533538609
250418.22311587102
90932.52527358543
560137.4534440675
135534.587675199
113231.37374258462
864740.0334385236
208897.06817415438
50593.3923356517
560183.1102944816
942197.5938409794
133724.24088997644
23795.099878573732
265937.0701749969
815232.01896919
635673.196394288
848067.2356784063
6311.834496637433
361619.86119537643
389545.927628563
580712.4779520032
428635.4477864645
660458.120625463
350623.8457441194
513324.79056703555
795060.5696462076
769859.3236427269
191008.75309825572
66826.42407170513
124619.7161688991
705140.9238520914
316341.6294903733
474887.20292200195
409802.4582896464
105800.62654903649
763689.0286439528
369024.52392750786
833446.8105436377
329551.4087944824
531374.8591827344
628647.3505932662
161708.7527263263
961706.2840656099
141536.0631735914
109344.43385221915
738898.0128092681
978183.9122007915
486190.1610109497
112679.9238449594
759974.2332319118
50420.83457636184
257593.9513864479
710794.2166230986
746459.4096928769
730470.8085736604
513665.61905206897
289080.54234776064
401571.2022092974
504583.4542189168
179268.2700882075
920215.378089444
270344.06798395386
953516.3584175912
534117.5207251571
432843.29692038434
880526.9938509262
507895.2975117307
988112.4880663026
288168.4399020852
290037.8829591118
536874.111823358
694856.7036418768
627762.3873833586
216745.8660137721
758399.4748687544
804155.4628657748
105852.07895867519
176383.18859289907
209345.6579618126  404277.66857715213  369369.30437108217
304347.4374079939
263803.8615281433
454749.4872127973
299057.6837417183
787187.2346743299
437816.9299147258
260475.98091163047
374898.15195961297
79550.64110857026
968826.319851316
287958.6011524756
779150.6859884443
332369.03827970556
408124.7064035598
374400.5723045417
100286.32053783261
